924     6995,43748,45881,11860,15416,439,2409
8941    8938,8942,8946,8945,8944,8939,8943,8940
8942    8941,8939,8938,8946,8945,8940,8944,8943
9019    320,9018,9020,9021,9022,9017,9016,9023,317
9020    9021,9022,9019,9018,320,9017,9016,9023,317
9021    9020,9022,9019,9018,320,9017,9016,9023,317
9022    9020,9021,9019,9023,317,320,9018,9017,9016
9990    9994,9993,9987,9988,9989,35667,9991,9992,34642,37941
9992    9987,9989,9994,9993,35667,9988,9990,9991
9993    9994,9990,9991,9987,9988,9989,35667,9992,34642,37941
