0.173886324913,0.478255750984,0.396946483985,0.0244354837569,0.335969500666,0.119191369718,0.168993593365,0.284287185087,0.28249515055,0.288072649216,0.00643081794426,0.404286188197,0.0595876381846,0.0951657994337,0.362171468568,0.358115326914,0.442103610195,0.470456894087,0.104545264624,0.00434275612971
0.437063071679,0.363743712034,0.247691338751,0.0972876543471,0.473246776339,0.360625911775,0.429925405292,0.325846054567,0.137408138122,0.214256299148,0.240482110344,0.498001812194,0.17898404229,0.239483776587,0.0680374702303,0.364124382381,0.154013014273,0.199467983001,0.0450187372109,0.344552844651
0.239140990298,0.256547768616,0.185060866817,0.206036888357,0.439734712502,0.0326648015656,0.407231507728,0.468619460545,0.104331689688,0.342143566916,0.160215086067,0.205049807875,0.4240469133,0.467831799406,0.470829636262,0.136495244732,0.457421936791,0.321545833847,0.469911681564,0.451504819065
0.481478904011,0.426530183385,0.153239977194,0.243261407421,0.4018803946,0.181801408744,0.0172173380649,0.123241572025,0.0975417475091,0.261077019559,0.255091003811,0.296129094795,0.360422184565,0.201679042782,0.12439325045,0.104677571068,0.497090320162,0.390586074432,0.444375666492,0.069409416742
0.0359315188198,0.136718128586,0.311620140483,0.409423656181,0.479513736687,0.49151712702,0.151127490579,0.390836098726,0.266921362412,0.179844738593,0.0874101306229,0.0385658523008,0.255503561343,0.324131332235,0.266172707442,0.098345941527,0.470028609974,0.278656884939,0.463717792286,0.306801499148
0.013091424811,0.273428904863,0.0767857010672,0.257195454021,0.0705346498837,0.0821614156514,0.371282383365,0.297885901148,0.370825785762,0.198759530234,0.321833019995,0.490387036298,0.146493505803,0.473732656746,0.422196901516,0.122323660371,0.414529885876,0.0429273500593,0.466192826865,0.103451962609
0.201615119956,0.0874651683977,0.150927338483,0.378054378026,0.0537293727906,0.469818806055,0.221767651106,0.364815426976,0.219554429757,0.0763567671906,0.193315776811,0.436417525824,0.306476272592,0.270421485449,0.188078806041,0.0556805963898,0.314793166949,0.383993367293,0.410911577076,0.434791691748
0.194197900067,0.384745401627,0.30744250669,0.225866686448,0.154600367299,0.483249970491,0.169105278154,0.317753609888,0.230939585642,0.402408687548,0.421159208949,0.106374960239,0.302723696527,0.200320116534,0.24817093193,0.0279219923868,0.325311599789,0.40980483933,0.407788257695,0.206245986999
0.163707473905,0.183522113507,0.189257741652,0.260389240607,0.23681049336,0.331450025762,0.166753736604,0.476960689766,0.437683315882,0.0416113229224,0.166607234341,0.130368572489,0.148727179948,0.233789956687,0.0623906134615,0.293299476418,0.220831324341,0.38768063466,0.458018921015,0.163508897574
0.251328973557,0.0225533967052,0.315830347125,0.444674552387,0.125526644294,0.307729292742,0.018280061948,0.217601832244,0.441214747099,0.0130453739495,0.390848906014,0.284734698071,0.125832204388,0.0979198535578,0.0546857889877,0.0477933486481,0.060903402444,0.268386267019,0.173615529739,0.040961162268
0.0413826676154,0.0539594616274,0.498621488165,0.0108362802835,0.45231916353,0.286816946134,0.033904274431,0.271345929412,0.361605213435,0.402242757421,0.20943890604,0.387474446566,0.124136841248,0.238307907648,0.399220255001,0.381981693993,0.122361510922,0.397598119844,0.0305668226531,0.0810711594886
0.26005419382,0.171553781542,0.07162834436,0.0343114944725,0.102447628376,0.178943120113,0.45516964615,0.0231241085099,0.439297214011,0.174387627585,0.399500967462,0.0346090823721,0.349092019235,0.417755473308,0.104442776726,0.441210687365,0.188813295642,0.153880867697,0.474502128762,0.00391548026679
0.485693465214,0.358716002479,0.12040824089,0.0829944026539,0.0681076343089,0.372579765393,0.468118880584,0.277152794882,0.450771443191,0.356689862262,0.00499887849598,0.174677089298,0.195508073865,0.235149709956,0.0676660061903,0.162706298125,0.331029955158,0.0055604931132,0.124708475656,0.148176407142
0.0761479108906,0.23986765461,0.0709945983819,0.0160160851572,0.442704326661,0.390658492057,0.446100787802,0.200494271521,0.318092532785,0.13059061175,0.142039574788,0.120141405864,0.222027544991,0.0627044639098,0.330501417245,0.21270917412,0.317624833408,0.383554404308,0.167057707599,0.317670758769
0.152673946757,0.0193087866417,0.0421783901394,0.248160338944,0.094986429261,0.442692534668,0.105177968761,0.0501741505253,0.151759763742,0.034394008082,0.262576218508,0.151130704684,0.272920671801,0.0884152751549,0.114530458089,0.43767463319,0.203658307554,0.359070732085,0.224490599793,0.372344112056
0.436941870097,0.0935002734002,0.379453581085,0.356514792347,0.305281531147,0.412034686296,0.388002403796,0.0752666182011,0.0204823660218,0.00487451212128,0.448600974698,0.114652730804,0.3454515168,0.494785027077,0.0378317593113,0.25818615888,0.3181372632,0.149748140632,0.286293872692,0.272692429514
0.222144185223,0.384129000297,0.493306130444,0.152257488433,0.0717456290807,0.397596821391,0.389177374865,0.372486783735,0.0390123489471,0.365096022577,0.148115684221,0.295998141832,0.180721829259,0.197031180272,0.487594267905,0.124820307586,0.115973810935,0.49950843733,0.386029931325,0.0337321004783
0.269036717263,0.361996813527,0.128070223858,0.0125290391111,0.484449009309,0.155355032977,0.458234221248,0.202610943536,0.228404212031,0.421463647354,0.409392665527,0.211059504258,0.470456077166,0.0177182021718,0.102231808142,0.462889696575,0.336805105658,0.0298407876814,0.0511583715929,0.00524788434658
0.00600337729079,0.289213905435,0.411524937568,0.130980883594,0.481509009914,0.376455107754,0.297476213798,0.404313571479,0.0522091766297,0.0445170012364,0.237063162036,0.0705502033482,0.225488316821,0.288007470943,0.0446283342519,0.429365003168,0.218682792278,0.405893098674,0.346939158804,0.280202983792
0.470696061741,0.411108566049,0.134188923148,0.174419247528,0.22046582325,0.353413370131,0.279461663446,0.283221107841,0.1129775757,0.264066057937,0.335273127291,0.229447074869,0.106581324735,0.00613871720774,0.0823512301582,0.417552043691,0.2813619957,0.418197181842,0.348627498116,0.329498332125
0.0678658733532,0.102350259281,0.147051132122,0.254382646647,0.248827054061,0.36841882031,0.479000625883,0.346221177209,0.336787195665,0.111949271857,0.479972711216,0.327949524631,0.00500879669038,0.370540346332,0.128189004656,0.33805450625,0.0664793597251,0.437147895315,0.201475939366,0.196775148162
0.496177790214,0.490889473685,0.301283035948,0.461892481403,0.264388905268,0.0174814640455,0.316546820069,0.378183540396,0.0480604221167,0.4775419503,0.0165052756182,0.0923650068914,0.11822632839,0.46176281431,0.310756969489,0.138279094849,0.402146799925,0.0872879294137,0.413904696071,0.352403986423
0.172592652605,0.458238737954,0.27408777349,0.378174525779,0.230943404076,0.442422972427,0.359510764889,0.446089273037,0.273866757555,0.399110810672,0.180813953718,0.21233441831,0.177832192038,0.0915820099423,0.437312203391,0.481804437891,0.4668175501,0.386271271149,0.362500919051,0.188047815037
0.46787733456,0.0798585753672,0.489433434157,0.0613737790995,0.366469350507,0.448879161101,0.0899172599857,0.0265986530771,0.267900813864,0.182215407617,0.0832272845177,0.109209526188,0.325951358769,0.492703863346,0.336427456901,0.100230251076,0.255809271467,0.00173028856743,0.0448957662883,0.480631354266
0.399758212501,0.266933976934,0.463445810583,0.0443532937181,0.246505896825,0.0735264687781,0.319687536401,0.118099093343,0.49335987873,0.497439000955,0.241692575262,0.0495630384661,0.32955897562,0.499330867576,0.126892777495,0.30931960006,0.490937467497,0.301990567512,0.465760990383,0.332383883325
0.0917738153697,0.192252305763,0.0383026145314,0.386045710737,0.28172890143,0.291822971565,0.453814757546,0.224695944397,0.346815574175,0.432907312423,0.19841272815,0.135762807634,0.217524628721,0.092655820001,0.0230881490599,0.372335147982,0.0534930852512,0.240077938482,0.0153614495637,0.158733703338
0.0156220863699,0.127071521413,0.41442563222,0.163764668187,0.25974723368,0.343704774978,0.32156774985,0.176022017432,0.324826395566,0.126964581424,0.350502224125,0.337305222408,0.449995904022,0.423013661483,0.449801531517,0.153999215718,0.360988440541,0.483676205175,0.283574424393,0.263107728185
0.0505842347505,0.0346157930583,0.255054424988,0.0753336457143,0.0713342634243,0.402622410676,0.381606904282,0.444553758031,0.019420416994,0.409615138328,0.268881475487,0.487172927691,0.40796323375,0.25897592534,0.0141821179545,0.0898591577167,0.47173662359,0.139502778533,0.0756568074558,0.491712345128
0.41679060911,0.455175558203,0.189870344392,0.132378687306,0.0154407653328,0.0587130344934,0.206888337,0.332746971263,0.173332917475,0.433710674543,0.298261367194,0.00538488813339,0.410856590108,0.21076209388,0.196564495891,0.218927748912,0.389409146877,0.147005665289,0.215361416371,0.371193668776
0.409501324463,0.491294428127,0.19509454557,0.352361128312,0.388424262965,0.00451169439742,0.0373375639623,0.492578113276,0.0536317476965,0.0992393607605,0.079925882708,0.327586642935,0.310275287601,0.424189853334,0.119806850223,0.118744979532,0.236203763322,0.214127407972,0.0396603350774,0.107544314663
0.0354598176301,0.382477458773,0.277065859135,0.374708468052,0.120935593437,0.190463076792,0.495477933741,0.260940544689,0.358586324656,0.383795687778,0.416577046705,0.0845824831509,0.433390581741,0.146877660778,0.209675009119,0.043815576395,0.154166118861,0.296977388033,0.00334459099001,0.403120752993
0.346592327542,0.122228846866,0.180744507695,0.437557756151,0.0327923529778,0.244728147056,0.288109929773,0.0612665874644,0.108798581815,0.399932288614,0.118271791165,0.0820982742373,0.258430429486,0.446450948011,0.124644290287,0.339225840601,0.287528955396,0.07138014654,0.0258987815026,0.434985609312
0.161994685161,0.343532041036,0.105049991792,0.341697789948,0.266191004428,0.0603028315341,0.129995449031,0.167567732722,0.162298560233,0.144089786043,0.356121040426,0.323921075443,0.158192625865,0.24306757599,0.0714661995527,0.184948200016,0.3214728216,0.144591115994,0.299268039397,0.286112865949
0.477850849752,0.473403873112,0.0419255044418,0.375286269546,0.32693596521,0.440687470068,0.425331111877,0.199853889147,0.218631485499,0.197854265767,0.0156271242536,0.122440355231,0.440409355901,0.147426860609,0.441625858971,0.361278070534,0.207579276716,0.120230441614,0.24629389027,0.434283838902
0.271646626491,0.275556119828,0.32077168435,0.334893736398,0.411721013987,0.368583537422,0.394892086524,0.269827362773,0.181434599819,0.466968043429,0.268691376748,0.385274111051,0.488831504204,0.419159273278,0.375262922474,0.460666952734,0.392777703528,0.299638538225,0.361659987114,0.208746350111
0.068763187418,0.485827877441,0.153950213563,0.096078459778,0.0735199857588,0.125690444884,0.00329984789504,0.343173658319,0.477627652937,0.174566502506,0.111131674085,0.478599978248,0.471455095937,0.270811325754,0.423314521551,0.263724609239,0.246399305201,0.0611884412196,0.087320871374,0.125886803869
0.315084984053,0.231268334105,0.0295127464868,0.146624749767,0.175453937867,0.263150798969,0.181984090214,0.0850502017538,0.0646208519806,0.444375899607,0.075927794138,0.0384331700615,0.496869362156,0.348630483264,0.327815138634,0.154567484062,0.264511545972,0.299355746837,0.278900834538,0.311762509025
0.181800598118,0.0884211570702,0.457224109248,0.340777027785,0.00744345671129,0.0483828179296,0.278977585635,0.277375732318,0.388404635782,0.207565472334,0.0351695507898,0.403797714148,0.05206030812,0.43891212657,0.309570031768,0.137476914937,0.429102474455,0.156609326519,0.49607891777,0.389536889867
0.467951497835,0.250533904427,0.420498350696,0.145843025883,0.432293958154,0.441645651423,0.142999835248,0.177343654805,0.456450475264,0.408102550518,0.29730592784,0.385390593175,0.38202277299,0.19101414478,0.297062894246,0.104771399599,0.384628596585,0.0532200777977,0.414058691015,0.398522121835
0.101535595722,0.154474317896,0.210892125218,0.306281905103,0.282080983825,0.306320933702,0.447251103239,0.227735023301,0.23025982225,0.0419274427701,0.449835680089,0.0460244921594,0.191592283223,0.301138498706,0.300955831481,0.459706105391,0.245351093279,0.0330637772026,0.218641628739,0.124653166268
0.180178605938,0.284583203233,0.238886557876,0.198053470647,0.103737472317,0.430595568053,0.0529555531727,0.485591774989,0.273035271078,0.448022943778,0.329617333342,0.230505257239,0.0032078964381,0.294376658683,0.321877327838,0.202923537977,0.288544042518,0.36600521356,0.361404018189,0.126307650541
0.0224890616524,0.399575623507,0.157433488922,0.037597157406,0.337490083224,0.108835903002,0.368764611251,0.204140456505,0.493898239885,0.251831000296,0.21017907735,0.406257360337,0.1391724134,0.37423106358,0.359296399988,0.156223226957,0.100044063637,0.0144770871151,0.149009387489,0.273607683565
0.0667075671612,0.384801404129,0.178245165041,0.3682046922,0.203052090022,0.481234228658,0.230424243695,0.115390491726,0.303933446539,0.43981559453,0.177892987026,0.240971287719,0.0660406175245,0.176498837423,0.456960502792,0.00930578750944,0.329389342131,0.00178326902468,0.092695775804,0.499703423392
0.049392888178,0.0918758727707,0.44946152927,0.225133214939,0.420119895647,0.18254503775,0.213495292248,0.062549138241,0.282561124707,0.161024206414,0.172272060333,0.359501316681,0.0777360217666,0.168041582558,0.494066959883,0.212134719185,0.110098515307,0.425742589732,0.18411828808,0.00304347708899
0.351656438557,0.432366412153,0.320425756835,0.00763349282199,0.388220417444,0.0535128644591,0.133680663069,0.0933283389944,0.492663863072,0.139248005937,0.375892970397,0.0150304268751,0.467729550459,0.481370855083,0.300932168367,0.212519438275,0.0254466781371,0.0965349254115,0.166172518838,0.209955760182
0.306544661023,0.194483085454,0.0707448650459,0.18193094343,0.367762399538,0.197847248779,0.191551082018,0.340202988638,0.405604302794,0.0473112293064,0.477645472598,0.345966718562,0.00177969547338,0.490300053308,0.0453870306445,0.0542059072674,0.336202991899,0.147302132405,0.337034460688,0.102659553493
0.423277821701,0.444766809511,0.0236900745912,0.43373882397,0.327988952417,0.108140565374,0.0531167051703,0.149778651518,0.110523776956,0.150623533829,0.132653872868,0.281604176782,0.264775723376,0.289626571003,0.127847209391,0.108355678099,0.47976411811,0.00317155981494,0.0197298413386,0.0801550128504
0.22865181342,0.255716082196,0.390487605547,0.492830592244,0.376274225371,0.0857045170322,0.208574575286,0.0056826543842,0.108456630018,0.233887061139,0.261174812263,0.373215764908,0.271130357169,0.273304343627,0.385713875593,0.379110207054,0.362069721396,0.209725991196,0.347577810219,0.282484594983
0.155500315377,0.357872893344,0.453724207961,0.169738618957,0.077245242284,0.102210231742,0.308275894177,0.175110611439,0.0114127555011,0.144861567645,0.381276304693,0.0806119234291,0.424568941474,0.183069193582,0.337833495107,0.405939232414,0.405830153719,0.0288678344207,0.200581249025,0.00938257389886
0.322256179767,0.223478776715,0.472690751501,0.494374740195,0.0258704591835,0.345795555935,0.372170324443,0.341572730077,0.370304124632,0.112240258402,0.374865498577,0.0339802459743,0.121150440328,0.119415428689,0.23875830917,0.331357687332,0.295891951562,0.404026413898,0.173848611628,0.0442029158852
0.147614417987,0.373092094658,0.35754060146,0.166732174754,0.254993237475,0.0964099685363,0.427763534741,0.0255433408694,0.470585693971,0.455057606672,0.274579805465,0.00140836109406,0.315981866635,0.0812040935881,0.349662921291,0.440409462222,0.382302188887,0.19932980892,0.401856910335,0.28145364814
0.482116420885,0.482898125749,0.129121658243,0.265541821368,0.0465937657496,0.169276168115,0.246227309202,0.106462746137,0.323266328652,0.00666403417126,0.43025867473,0.456737264273,0.109446690259,0.330150464045,0.280345176369,0.470204461846,0.247653206242,0.331546621479,0.390264087961,0.377591898187
0.0694734919296,0.244894194631,0.410782211476,0.0272577116854,0.308503512118,0.438162189747,0.306971040248,0.280568584658,0.317502718937,0.190710443148,0.291712038831,0.424337623376,0.0583039681725,0.12406043383,0.326177295661,0.0681924572418,0.334485536778,0.190209652897,0.271193128993,0.226155279722
0.179016565079,0.000942707339771,0.119494911454,0.457089111844,0.416963036621,0.163540898292,0.175002630299,0.293900250711,0.424084915961,0.446317274135,0.14231747634,0.317617446395,0.286434476036,0.474063503854,0.158113271577,0.477871722437,0.128130296131,0.0111010944792,0.405397011979,0.290558125001
0.212048018977,0.246425067742,0.049913714516,0.209677752869,0.388087039248,0.381795129705,0.22314712663,0.29479034232,0.232454651,0.213511347191,0.0533992198625,0.14408735631,0.186510860198,0.0451677210144,0.396109262714,0.291424240368,0.372303547983,0.219921668409,0.130305837631,0.0575275707909
0.336887942034,0.475183439013,0.207538272234,0.399655982739,0.00449919691362,0.321356629825,0.232518513226,0.445535710888,0.389128783597,0.475096119861,0.228447106633,0.139124623323,0.240454017315,0.278236251286,0.18197404435,0.0407001161322,0.0784493816514,0.249287786077,0.074949985742,0.334594046261
0.264797805062,0.494203919675,0.283019486532,0.208621295265,0.105126422926,0.416690004729,0.325948939848,0.491867316958,0.472594246675,0.0909514802256,0.188011650145,0.0221239527198,0.0657267540268,0.174468214406,0.100304417965,0.41799561749,0.010235209679,0.181771012516,0.450877394613,0.110538567068
0.442476863802,0.299643401966,0.432477788566,0.115290147163,0.361095193429,0.209015137055,0.118791495306,0.219358873087,0.00548051172244,0.26148068583,0.385514869777,0.440145965798,0.140707237186,0.321446484122,0.0297038423186,0.474815765883,0.0128124074537,0.31884576111,0.292336182832,0.0373671000245
0.134993048519,0.179258755333,0.193582217289,0.253534262879,0.299418036706,0.396121430357,0.224886308247,0.438762800717,0.180089675212,0.0312665988631,0.433159841788,0.0432540199384,0.0072324318183,0.444237478214,0.390979907054,0.120484139607,0.469107798757,0.293158431909,0.195957628084,0.35988481143
0.251614743566,0.268778397435,0.433538623048,0.434918137971,0.334411349161,0.255615629195,0.461319692343,0.248715340763,0.471093368531,0.444348227951,0.108387767079,0.134812483267,0.396345226763,0.159512289966,0.23012332062,0.499292284473,0.197384730264,0.366931020596,0.169940146211,0.428016285304
0.214492558814,0.266677528307,0.352703761242,0.342152784893,0.393450561356,0.316500682835,0.120232716611,0.0608235426573,0.00616666582465,0.0728269100072,0.0670895424753,0.402995259843,0.255847842211,0.156222593311,0.457491160004,0.358015942132,0.101091489933,0.194907348657,0.203214730917,0.484521304993
0.429604754635,0.242571806004,0.0539424791372,0.210265729207,0.0297640061846,0.139587737864,0.348106895061,0.18126900958,0.402026275643,0.00312344726845,0.446666602847,0.291938973748,0.145365149238,0.432639490878,0.421603708841,0.261885623577,0.373206483365,0.29890441899,0.0259429627917,0.465760050945
0.418719392601,0.0151950306567,0.0953426452034,0.308307489301,0.0828813501033,0.374857243715,0.17720905069,0.137630956505,0.045721896266,0.08278753277,0.0832912354365,0.245040828686,0.215237941585,0.452031554633,0.160527612649,0.39596766437,0.186110879128,0.214999337839,0.0758349598176,0.0343575206958
0.403200407299,0.0363649023381,0.00527404260094,0.409393027709,0.0933976373472,0.470063574469,0.317951175834,0.354240229162,0.469661101352,0.314898888668,0.033808838377,0.295759933577,0.359644088745,0.168025300496,0.373771687362,0.435269323185,0.134022160497,0.173989689393,0.225819558954,0.0412466255295
0.450138447031,0.119613558403,0.214267954494,0.446884848816,0.23235756443,0.283777399791,0.289402182133,0.209885451552,0.490610987137,0.438854143191,0.452265345217,0.317941647934,0.283769892531,0.291094754137,0.415784445858,0.329095637367,0.225951395312,0.00771814606166,0.162177383524,0.227727924403
0.0984545116965,0.211157945851,0.151981279777,0.226045937223,0.415348171597,0.213211106932,0.0193325135177,0.363704619498,0.35582309617,0.384744106344,0.169525933822,0.439101703117,0.464812704252,0.177173368694,0.214725907235,0.00725206011304,0.380249013539,0.0420695276685,0.2069791957,0.236054189182
0.219823765895,0.0947952151519,0.437579420407,0.167684891336,0.201273375379,0.0606384943406,0.41130446619,0.0300745610432,0.422032974263,0.059903077381,0.444755443407,0.0702559601868,0.273572264675,0.436329109997,0.330957648385,0.0524672228062,0.237877301191,0.128655837114,0.184146733586,0.0951738318505
0.279260557006,0.220277301437,0.282127496134,0.174554355138,0.187171964199,0.208021973359,0.231142055476,0.178735702366,0.253104392568,0.374257827924,0.308127414671,0.483722358743,0.31847327087,0.0408973282214,0.137804871143,0.43452954581,0.0382141478123,0.0549357721076,0.241669592195,0.0470441059973
0.206947300634,0.310079160152,0.327410598322,0.412073732582,0.492771698615,0.367912157469,0.174902127753,0.0231037948591,0.0898521563423,0.390504213351,0.471359087664,0.0380201552688,0.0248724249516,0.065540732388,0.343253024987,0.462860946212,0.240573151327,0.401531993725,0.305258630128,0.0574610529097
0.0153257355309,0.184689263533,0.0104541251489,0.311546234313,0.274274428727,0.341705152417,0.467466918809,0.201360363784,0.115690945887,0.463181244846,0.414314836996,0.197588034911,0.00957103503924,0.343480500294,0.196326162246,0.117408311351,0.335761439474,0.304024634834,0.180515455423,0.123405303729
0.165979627381,0.377640883451,0.217003061967,0.179241477743,0.308128575804,0.200454897195,0.0904488382739,0.480872123349,0.0253287907637,0.264592051252,0.366433599009,0.223546782359,0.278731348161,0.302299467764,0.0119664361838,0.486993499967,0.351378453954,0.461761965562,0.49254518592,0.0931918139858
0.0506678901395,0.241153754814,0.00417813944247,0.0484761368679,0.309071295891,0.0618186428282,0.120828963812,0.278654352014,0.0748433320186,0.477664008224,0.368117462824,0.469279122951,0.211008137902,0.113726243446,0.0068622557267,0.49533391042,0.118129063841,0.405495647371,0.132497781558,0.328370937592
0.0291168259808,0.183182293614,0.01471293596,0.302383786457,0.486992452455,0.315913352587,0.454985573852,0.287761932857,0.296565629431,0.320040664184,0.396721324062,0.0208353712485,0.403094190224,0.322617555216,0.0416730453937,0.401735391304,0.148673347408,0.0169996736754,0.078027690365,0.053696947963
0.119487203689,0.317749785547,0.394352035419,0.47655788625,0.190647264933,0.447902040659,0.0911055097948,0.270059381676,0.314678236015,0.0947731730032,0.431472244302,0.39291954132,0.232744626149,0.418574594391,0.261035934049,0.272290521618,0.371858676576,0.188721455567,0.133133070293,0.242031943975
0.00413046808435,0.497226070816,0.257990006769,0.353695584589,0.0928377223747,0.10261852687,0.0439695456914,0.220017112979,0.0528092332617,0.0287121994273,0.095737981341,0.346990735139,0.47022501556,0.316496865082,0.294441643493,0.110022340034,0.196988926132,0.240556020976,0.0607930812571,0.451762744889
0.0674865954877,0.31308872276,0.36493791958,0.0482523163366,0.43785496823,0.445557234412,0.453676970493,0.134243619018,0.363029828301,0.195605468822,0.0338157272911,0.427487640447,0.444835273367,0.440296175549,0.0929610864087,0.359422695648,0.32834339199,0.129698521297,0.198127952718,0.409676315296
0.181514168421,0.256646111757,0.0336179657241,0.0576169874016,0.340712150857,0.261605682002,0.429944135198,0.44888167063,0.391186695417,0.232853290489,0.185766246005,0.206760275811,0.30812595976,0.295503157196,0.227508133879,0.306121802031,0.323776594418,0.257108841017,0.203082420037,0.432661468734
0.174979285122,0.290896323955,0.0974417180877,0.185540274415,0.395373326997,0.329331127394,0.225378143579,0.286564437723,0.377323210048,0.122551572285,0.278565018175,0.201072023062,0.178249006694,0.432423692669,0.344644708811,0.474379531504,0.2022757957,0.390527276991,0.412917336307,0.375213841582
0.00286310672409,0.297777659834,0.106178105793,0.258562760874,0.46103360814,0.193318275193,0.380630066764,0.0981550111212,0.352244071688,0.0338037537279,0.192960884469,0.26238644658,0.452689323312,0.241756053487,0.309711858727,0.409366733609,0.423012264821,0.454627466338,0.0720899128678,0.387883330733
0.300177360194,0.243262697512,0.374445405407,0.357098233915,0.454095517335,0.00633796175687,0.465299467695,0.0554202834735,0.306278809988,0.370815569508,0.436849679961,0.292207656056,0.441188513502,0.0281808118502,0.171847563695,0.162090374588,0.260407644622,0.0410953370605,0.174857903578,0.0948192866476
0.0408554052852,0.28291659588,0.0127106366586,0.179842596089,0.271291324249,0.240174069192,0.0122730639071,0.479912439426,0.254439976135,0.000352826198154,0.48054789444,0.0762214080763,0.438155070119,0.349091184593,0.326155956095,0.0456050085855,0.499449105211,0.186386860279,0.263089138107,0.355984008618
0.368633583794,0.204526125433,0.194210883827,0.489831002383,0.274356402534,0.26159103618,0.167444384283,0.11112989117,0.480324489778,0.38630139979,0.218582366864,0.296504385216,0.0615789596827,0.155339736951,0.201593966572,0.0150945911137,0.440737996841,0.337962545607,0.158702438973,0.0810508985075
0.29975174399,0.493543972356,0.124409784402,0.210467931873,0.271391103775,0.196965022206,0.490392543471,0.39518549331,0.187390097777,0.277648849669,0.352200665995,0.144404841862,0.369495882796,0.141570102264,0.00108850030302,0.158046810583,0.284947483086,0.0764966773095,0.286776665726,0.322803360135
0.491267219806,0.262712446659,0.208142685899,0.0985234021293,0.061337829283,0.224305713173,0.323181398473,0.443274417153,0.0332370556451,0.486033008441,0.208887229851,0.226302024937,0.147889347455,0.0826908764101,0.365352268093,0.349735078378,0.115930632017,0.0188166709935,0.0747869020866,0.284524626521
0.255841600153,0.446023515653,0.294827569825,0.293539770764,0.20691196759,0.436211299694,0.17660160156,0.164975325358,0.436134276636,0.00820788641639,0.25608235977,0.130120756411,0.384333397463,0.0161387228233,0.137782220757,0.15171456953,0.229151224243,0.453017518097,0.188533861831,0.371224598072
0.301989669814,0.48608230607,0.103970387067,0.448604511594,0.286817376307,0.233410607187,0.0967971507089,0.422958986226,0.354565561549,0.394445644047,0.439848909899,0.0191871610317,0.0185598364295,0.266777472874,0.0593127935728,0.264304886284,0.194847620557,0.0258344402522,0.0100542761881,0.429267098925
0.470135192989,0.299744088529,0.46383278391,0.3701094153,0.492825463888,0.0381760724648,0.149085440282,0.0900780179702,0.150466570397,0.493526921461,0.229201049787,0.344113612236,0.110172881155,0.358669569641,0.212755246076,0.185097016068,0.415363262685,0.489109763473,0.2833045413,0.257248068757
0.0556744494487,0.303556879133,0.42047239197,0.154780791424,0.147524232985,0.106200671791,0.212420722675,0.477560110829,0.412153501447,0.219979451033,0.221839422485,0.00358017442266,0.469739114912,0.350885044707,0.305214924854,0.325772536796,0.068006296698,0.224519768721,0.331494466987,0.149213433951
0.129734213886,0.0118196726788,0.244185669929,0.0121323523269,0.424052892857,0.217537803874,0.0407972736189,0.042882253744,0.42493074353,0.247859581462,0.0521001507313,0.0948884993428,0.0877785518835,0.248689769311,0.29543665702,0.32971172042,0.0523314495801,0.39820904965,0.322075495825,0.49515813364
0.0231813453151,0.306163834757,0.463296853158,0.373123120673,0.206088445854,0.15238964593,0.319740971911,0.217104751499,0.489481534264,0.0135458692265,0.0220229027442,0.0850071296309,0.470635594758,0.485299116043,0.0233788598984,0.0623539313678,0.1676706458,0.275812395856,0.11791971955,0.0176383355834
0.109654353039,0.0026423725622,0.182575837371,0.208397796733,0.180921752085,0.107750590494,0.180959240316,0.197882198616,0.199889781091,0.414060797618,0.462092780976,0.413062290878,0.107275867989,0.307232692564,0.442346137288,0.485769098282,0.356985046427,0.337100714616,0.348405280095,0.167716100668
0.342653740701,0.0334064159851,0.0468591721215,0.136747154059,0.248738218732,0.202942694247,0.099251700501,0.0167845247222,0.0550754515236,0.258677825159,0.294717200913,0.395129506977,0.380333296769,0.413034367987,0.436598692609,0.187578983285,0.342512351486,0.0486561378992,0.14951578646,0.190980351982
0.191227216945,0.302235528495,0.0534195294339,0.109547878448,0.00415511067791,0.101699122819,0.0941816505596,0.303461089781,0.490956255323,0.470601632183,0.33726411364,0.252729414848,0.112486858899,0.472468938874,0.131834610235,0.274841596486,0.32013680432,0.0303383101457,0.392032779767,0.307764107574
0.296025141392,0.330337380762,0.224425749708,0.217258735732,0.090882577051,0.474845421361,0.163171997828,0.447474373368,0.101735583639,0.430334144301,0.0279359427982,0.0204185233109,0.1210180221,0.266851166649,0.359898909073,0.199611497054,0.477655534356,0.475492490041,0.386393112411,0.0479262578916
0.176877417436,0.416208109415,0.328600961993,0.111473680679,0.187397092581,0.0964071403473,0.0737399632665,0.334158707436,0.146114831486,0.0150831338045,0.232298717915,0.362018873525,0.286713305113,0.0387585337717,0.208098255552,0.460789146579,0.286179385998,0.384448367176,0.499306251156,0.381118194623
0.342503334343,0.443951137644,0.209776429094,0.00699777507604,0.157591990674,0.288787202955,0.220840651049,0.0260308874005,0.254149557831,0.416167016513,0.185113543799,0.484094094012,0.294068212501,0.381640495031,0.326529113023,0.292882003146,0.134920293104,0.257526433211,0.336087049809,0.237103070404
0.166903638459,0.150084178852,0.168709790895,0.183581778758,0.47344052086,0.260018388504,0.170866238778,0.00515873218974,0.471170899085,0.0700064772668,0.202057770397,0.188011407543,0.14817637545,0.259849833568,0.341210450848,0.282434342008,0.0585225771693,0.263246812102,0.355346639169,0.23069999707
0.138487899853,0.153664821343,0.26183421834,0.24439580241,0.112836919855,0.408416191986,0.0508455894598,0.144210491021,0.370283619047,0.124687258103,0.230590179375,0.0406018853626,0.396896822961,0.18919262006,0.412042387856,0.272820952536,0.498555973439,0.0369843004139,0.476087837816,0.368556892496
0.184207313388,0.386647385496,0.0976878288219,0.124742971286,0.23622993713,0.00391500513266,0.434387231555,0.239619006186,0.257335084652,0.389857906894,0.420666366352,0.481912710998,0.22122044662,0.107660730511,0.0448619774891,0.114519166397,0.358429530575,0.473084028737,0.28358850827,0.386316906267
0.308092339365,0.376822929259,0.050017203315,0.307742843892,0.439886118968,0.375730347546,0.147731298941,0.226733239967,0.349810662965,0.141191741928,0.0626238219982,0.217533317614,0.015665150583,0.107151761557,0.00820336924393,0.389484681678,0.418994694938,0.0207251896117,0.435229229011,0.345674353842
0.701772133781,0.935976854776,0.719867529462,0.724260707928,0.708040556097,0.946295674465,0.976688302617,0.731221063497,0.990207529335,0.632535000472,0.801447414808,0.864011540244,0.986033487066,0.980621674843,0.556137921808,0.990955722126,0.52226641483,0.791273495334,0.911655785046,0.560695122185
0.695855038701,0.785174311599,0.664561910174,0.978902977798,0.504981453806,0.756559514158,0.620964854193,0.825387264702,0.647684703408,0.601484471184,0.718349024603,0.532945389628,0.793237874109,0.942209808973,0.738664551078,0.823385050449,0.69453840544,0.506357415317,0.98627951642,0.63590614612
0.8150429786,0.751543183893,0.892208919428,0.772362812003,0.583578044618,0.690032954484,0.913722774258,0.927652321813,0.563186887029,0.54703672656,0.655226378576,0.689586337194,0.816773698765,0.982512380115,0.637836354835,0.545088410621,0.800738356015,0.883117012465,0.964011290561,0.521377438158
0.980164727945,0.534408699962,0.834768016297,0.741681239826,0.928751125486,0.822887015075,0.726590904915,0.501925279774,0.657367604572,0.898016035405,0.967742592815,0.584387447078,0.612254200358,0.560091110055,0.929328904567,0.595305880441,0.503479371984,0.609470423483,0.547493819936,0.843242290418
0.554640256108,0.935006749234,0.883076206358,0.980591775684,0.68803660214,0.750741716039,0.736367321285,0.747532378605,0.618292040497,0.962713738223,0.611737107927,0.810013852436,0.830285770887,0.762535627575,0.742233782981,0.608481855803,0.78421038132,0.564898988988,0.551183475983,0.89529745432
0.977576787779,0.784894841814,0.694097898984,0.514674282475,0.555897811421,0.828469270296,0.787909463609,0.526810648373,0.99267151756,0.603071820813,0.811820605168,0.762001554271,0.684134479868,0.696754803367,0.768075916198,0.68828647116,0.752517645558,0.724609857328,0.611595998143,0.912839756298
0.774357591075,0.875436640888,0.513920959624,0.954652486955,0.686224051592,0.770191836556,0.838781446378,0.909667144872,0.981342509321,0.587084617573,0.679497459222,0.805431580098,0.621723376298,0.806018634587,0.709171323369,0.555157589011,0.719341831075,0.964977062549,0.933573921258,0.594278499769
0.568433077671,0.64147898243,0.994889780874,0.651394597656,0.719890502208,0.851141504945,0.676051380044,0.728534947929,0.75614846955,0.781339397109,0.778344908816,0.579083144724,0.664771916387,0.745963793417,0.741044502582,0.70420166231,0.802574445043,0.89692196982,0.628201526908,0.516710876977
0.743860881803,0.6887116115,0.841106923205,0.753503378248,0.748475250051,0.961725514226,0.846862742923,0.633838415586,0.748677477448,0.713659052374,0.552027639872,0.548444070908,0.97251419769,0.82445987508,0.561630441578,0.960926910233,0.77826713967,0.939423003007,0.968115456704,0.887397389677
0.9479348203,0.510385017444,0.892846755289,0.587481379759,0.565055995296,0.549858729892,0.899804325053,0.609289533937,0.518296335222,0.749161581238,0.541231322788,0.648706345706,0.86757997708,0.653290355458,0.756336835084,0.565648959419,0.638189353046,0.580713946024,0.558853923887,0.541843629027
0.623191476283,0.632101506817,0.923611620729,0.627796295199,0.739414935867,0.639270599025,0.937121579544,0.93046450157,0.589827951554,0.755356111288,0.993606287441,0.621416798038,0.956259509753,0.920131511107,0.896034785411,0.665548507519,0.938881695199,0.881291378321,0.806424071133,0.811843104372
0.535099750132,0.895379635481,0.915674502308,0.795523131556,0.912184051336,0.544942354081,0.777852617105,0.62348014643,0.524708790783,0.77593174012,0.868546926249,0.787992595374,0.902223703471,0.671255136508,0.987422499727,0.597560259979,0.722432226559,0.547432048331,0.692462794878,0.589181455778
0.553035706804,0.904747927003,0.86900618651,0.560954791047,0.665441807495,0.702082464498,0.510480637947,0.78598005108,0.919272088656,0.663180396626,0.764919388591,0.825655627416,0.93797561553,0.60650152674,0.880071439965,0.840241928451,0.646754425308,0.76545758893,0.750664572458,0.895043276799
0.734073261727,0.887028278397,0.995333342235,0.849025143615,0.900242003562,0.852751608211,0.839536921658,0.865360106413,0.711742666532,0.986263031484,0.870809738429,0.539499519627,0.553841025674,0.926187919595,0.708734519929,0.596799345328,0.644985639091,0.978603515401,0.780778843545,0.639159520046
0.875165803818,0.54023840961,0.711384415035,0.901866392741,0.759569062915,0.86412659686,0.944494247208,0.830359124062,0.517713676014,0.887473345145,0.967874179887,0.777134000293,0.567390643243,0.879591651903,0.825273538945,0.704390735143,0.588309876869,0.659390093825,0.722629991317,0.825367073886
0.940555155324,0.693588914215,0.746779822825,0.996782621849,0.693910982526,0.901786968024,0.979988412481,0.699649909169,0.814330720082,0.761731301885,0.631784118011,0.832222652998,0.596221055555,0.838659460209,0.840081272633,0.84895449048,0.823612250588,0.940795288694,0.889986978678,0.633219148361
0.83256627314,0.704047516489,0.534592941091,0.780506324215,0.581505419035,0.938162845564,0.532745499556,0.857542179053,0.906307828585,0.729405365784,0.600137055282,0.885234622136,0.956872518691,0.8689916618,0.935523105197,0.578509443003,0.589304053651,0.871146586062,0.502318324245,0.92252113327
0.974311221339,0.779154737891,0.779912961248,0.666886917935,0.524122825356,0.613919063465,0.993401051999,0.896066143656,0.545289416801,0.959628900565,0.814216945316,0.900048210489,0.944724541916,0.591415893872,0.876571746819,0.615644632304,0.750372022672,0.888995422168,0.636361934936,0.52868660624
0.706181618433,0.68286020937,0.718693365491,0.747771176687,0.895706400654,0.755427462114,0.747720898363,0.847248907547,0.608906081145,0.816657852134,0.751057477179,0.59329684205,0.825401340531,0.680874276983,0.613159397694,0.534064622089,0.622902621533,0.614353967776,0.665908412038,0.662701219142
0.556300845737,0.865119920953,0.858288528311,0.861188197902,0.538095241281,0.846150814978,0.516167209845,0.971743729052,0.68597414098,0.919655260366,0.80828339721,0.848145536068,0.933483435147,0.642891946664,0.93198217307,0.965687132321,0.507664763733,0.814609061533,0.824275339035,0.799960930962
0.509218138181,0.812820063004,0.911539976827,0.650596493405,0.506346615472,0.840950862024,0.563060686571,0.6132796273,0.905554598272,0.670716181626,0.680359839723,0.713427000671,0.623320041675,0.950706761651,0.806776003358,0.667459430886,0.96636686789,0.697691325361,0.705616427264,0.99261524573
0.886501300384,0.901828421875,0.599975636865,0.989047037832,0.51801774487,0.978466426766,0.975243871209,0.604265237635,0.777674780923,0.898785738378,0.758036233647,0.738774925918,0.672552158048,0.656585846493,0.734300958207,0.57754362633,0.981155087983,0.609034441426,0.929823710037,0.968021013955
0.708873851381,0.793074514346,0.996252609867,0.877010864817,0.824155525594,0.6937370844,0.705846731935,0.851660019214,0.626339169795,0.719327452704,0.575250806594,0.574953870497,0.863176973875,0.720129760403,0.704260410936,0.934864159487,0.944306785745,0.985027633843,0.659245946011,0.653862398214
0.808505757523,0.502619086579,0.571543729188,0.714403157598,0.698230029144,0.980031833867,0.610042786144,0.985162470664,0.633264700773,0.747027858306,0.587880541244,0.942662032196,0.707908304196,0.870792270134,0.641586278653,0.712433233431,0.689629911312,0.715262391581,0.613528334977,0.562557763753
0.934046127678,0.68097301198,0.704771699779,0.616549295417,0.724745138056,0.657307260189,0.659229603492,0.571788542309,0.56390454131,0.525050361157,0.941916931354,0.875356494194,0.708101501887,0.742397785087,0.765431632111,0.559951909447,0.896449029761,0.814097869437,0.795738187906,0.929738463902
0.529888648106,0.758376145358,0.836083771643,0.62829378383,0.948576339824,0.897362868946,0.653710983398,0.59280133653,0.50342277942,0.871934087037,0.616199366037,0.606965318897,0.994891944036,0.600880640103,0.688530336558,0.682851913475,0.923793714914,0.842460639367,0.963327213481,0.705805421184
0.708528458332,0.579205870373,0.785283887372,0.599587120728,0.672053566863,0.831740353685,0.61948549435,0.588875906941,0.838217224258,0.836231445649,0.653951831187,0.738030509945,0.949756326139,0.635579111014,0.630632433373,0.829768603992,0.537392083086,0.908000073504,0.812484246631,0.976578320586
0.750484041852,0.879606864079,0.612647642687,0.610455936796,0.737509963523,0.964064103138,0.610872968756,0.510102302788,0.830691183303,0.871934322492,0.847921421283,0.905099403327,0.962358856224,0.575842231733,0.927754177983,0.821876421033,0.609918828975,0.936287415797,0.844638282416,0.918596281878
0.587902304419,0.574698998645,0.687072378541,0.878446763641,0.61046988846,0.504883400578,0.849320961093,0.950197511796,0.952580595725,0.975098133729,0.610164964443,0.639586769748,0.919610824107,0.661102590862,0.744664398611,0.613887177321,0.977003754275,0.548068361387,0.609006143162,0.970085680874
0.698882457799,0.59213859766,0.682188256739,0.925318352493,0.513988101076,0.515002887778,0.991492971679,0.557906681317,0.713557213832,0.678876999344,0.551115099272,0.85066633835,0.529207422848,0.699565515056,0.975733515701,0.963173833081,0.825875406715,0.994309212507,0.503744906868,0.589727195863
0.601040782624,0.885098373067,0.5194048462,0.907399251068,0.536305656795,0.6938409543,0.671261756454,0.821025480949,0.977123729849,0.561400470136,0.80710541596,0.789673104808,0.68003339806,0.603354413729,0.825867135695,0.837834808618,0.793767665793,0.885619090881,0.982975957387,0.785244209737
0.786329403539,0.720630058052,0.646472312457,0.852710206099,0.853658124694,0.660307045549,0.563370425963,0.966785765365,0.90504159881,0.769007472567,0.628073553914,0.926269329363,0.597183837605,0.53690316646,0.621857711773,0.793277778857,0.63377633201,0.745329391507,0.634057545143,0.88326312941
0.97754388401,0.53863521367,0.599332369196,0.931626356669,0.703699440518,0.521796005032,0.973838555446,0.533475454149,0.98345574249,0.631695487654,0.978590877804,0.872260476407,0.513020371635,0.763504993164,0.730740517073,0.538814723179,0.547737708184,0.501586063507,0.827159254879,0.828640362485
0.623991737135,0.95797945468,0.51836108662,0.918512177234,0.574697571008,0.740413731118,0.809646297379,0.86022645848,0.709086191367,0.833493047418,0.606236463245,0.515148399962,0.834505046543,0.897492675927,0.58699512926,0.937349148415,0.643904683264,0.855328602539,0.837843369841,0.731936491848
0.923933157698,0.5941348403,0.94189201154,0.923741486634,0.897189074245,0.618937420632,0.893518854027,0.641987142931,0.856038658764,0.891719376097,0.897757715058,0.667867258974,0.690499996068,0.771509793052,0.696080404403,0.693651230969,0.974409666696,0.750318194237,0.977462329844,0.851321063837
0.808867098306,0.886592866692,0.544701169393,0.975045737049,0.641723644328,0.618208780333,0.507754255643,0.945493781679,0.580148603489,0.700149599267,0.821407849907,0.895203332408,0.679269188614,0.672122687415,0.823536337068,0.798548943719,0.741580071162,0.76090566339,0.938429466388,0.549103662622
0.81491592602,0.876551367678,0.717409897634,0.926047916256,0.693789593417,0.830839665286,0.5658440637,0.719682278617,0.858637883708,0.582498539013,0.67812061789,0.759032194721,0.740354450514,0.688081982096,0.762362229104,0.720499148124,0.805581421287,0.940044990771,0.740992616871,0.812332918664
0.547858474895,0.715424172074,0.506196310257,0.940771986311,0.661985016736,0.817484320199,0.527217937279,0.572001146228,0.698214275133,0.8796601031,0.937950759401,0.610162919818,0.649953432342,0.54239237743,0.734113749614,0.975364374167,0.998096596225,0.695025703106,0.757863149707,0.727716375316
0.979459952431,0.838748038781,0.647978395054,0.537587383011,0.85681050994,0.859275360043,0.792338585814,0.547278283295,0.785715070893,0.929955330212,0.803168975403,0.815461880229,0.757817829607,0.701128856998,0.832795213752,0.722920128524,0.964735828805,0.888368745152,0.525610692073,0.574994456384
0.967793470583,0.686375295626,0.771655108324,0.868829470132,0.523581123786,0.919057876319,0.597870971908,0.540883031236,0.854317300537,0.784928728815,0.719798566371,0.819878571649,0.533620796377,0.658897630217,0.985303064934,0.94101066411,0.757489879768,0.796271365893,0.773629394377,0.809106650595
0.500604920231,0.679157716801,0.994906966305,0.742851983012,0.957027703723,0.806057690607,0.975810020169,0.850868500288,0.892680855474,0.952052220206,0.816455756116,0.810947581036,0.953028399665,0.653879393498,0.669089827767,0.739035401908,0.608440567866,0.795600975937,0.929316841495,0.508659346129
0.73037669059,0.531420966846,0.969452883983,0.557782904037,0.594484528824,0.601842510092,0.616171264251,0.869539786669,0.992312005399,0.93770256896,0.640916204082,0.685974768829,0.788495931766,0.545361711182,0.790301508479,0.872409368216,0.910097232771,0.992183516214,0.555769853121,0.64760663413
0.827730732374,0.8858926588,0.776037317424,0.869868068594,0.952887216341,0.584696819694,0.871262921171,0.925078621807,0.851304850344,0.624981835508,0.601569298007,0.900505674476,0.721341164952,0.87293738355,0.627519694101,0.959333961537,0.956752285195,0.926942516559,0.808187072527,0.658185725099
0.85825561167,0.702958553,0.734010549177,0.945556108041,0.742401941691,0.522285041364,0.774418731813,0.597447987941,0.61796749768,0.688877404283,0.725201938245,0.976513628838,0.628339863375,0.649974103036,0.539203491228,0.630998388314,0.700192036885,0.510525223285,0.570046117244,0.85119167349
0.915090132064,0.711618881759,0.711031266785,0.535303404741,0.868797254039,0.669369385235,0.946577135177,0.758117764913,0.598780074285,0.718451792492,0.871186864749,0.691409853719,0.765567254015,0.590527556863,0.648772958715,0.950867717301,0.904539274244,0.883284551761,0.874058513604,0.653092495347
0.513528513554,0.550145346717,0.64088729995,0.939849926385,0.992080501995,0.900399595222,0.82183531437,0.654843830638,0.625763697977,0.963022818648,0.968115466897,0.690458607049,0.723623036394,0.928812292994,0.851826218864,0.591412287621,0.728682770225,0.798005224695,0.991934969525,0.792157830713
0.886928139432,0.934090992502,0.999334426075,0.881068093932,0.89361508306,0.927875845893,0.857884322508,0.957737117467,0.565967064213,0.833844526923,0.710182159544,0.877175034169,0.809647424111,0.627139024119,0.626225613369,0.79200699053,0.619616964111,0.601293389151,0.950126821373,0.971265364
0.942909009551,0.948033283177,0.54430792046,0.584565913367,0.543551527287,0.538021060975,0.621680782386,0.820161679883,0.579384305322,0.823026635714,0.588753734323,0.993973816834,0.776742648305,0.910243607379,0.68964319575,0.769004322126,0.665662484776,0.863456421285,0.72147733488,0.800951447671
0.854621891325,0.580872468238,0.908306619648,0.634413878812,0.85459584792,0.562040377887,0.578933624651,0.891368060126,0.987196833113,0.500142775626,0.807123716064,0.626989294956,0.641612586716,0.900113846496,0.765093871842,0.763432273346,0.901476498709,0.796908374405,0.770494851082,0.854485624447
0.619945159227,0.618216325381,0.976402043134,0.774073620104,0.763374189153,0.70955058383,0.850411934882,0.689450633054,0.838748280719,0.660486306655,0.59099671481,0.598370548988,0.505860828556,0.865612719726,0.720168709565,0.753074175314,0.507996129403,0.508781583326,0.897687930752,0.774970076929
0.884808166225,0.6521566692,0.740663035419,0.984247675458,0.795520028988,0.675342266914,0.920595109607,0.849568444164,0.611970334347,0.870099559373,0.639066962995,0.669771850685,0.575741895062,0.989368953369,0.678991344694,0.930348599841,0.819875157457,0.639036184441,0.899734046824,0.882516590204
0.809739156984,0.934667181111,0.69198128926,0.657873766483,0.956262753164,0.756461996549,0.64412976825,0.790779770506,0.920356579147,0.689232205859,0.757950259103,0.92277274281,0.832643933849,0.693029186684,0.723849335513,0.856502585101,0.652774931719,0.542594074356,0.891515839781,0.869308408158
0.780235710299,0.603518008783,0.572870769302,0.973204801312,0.742740557347,0.885997271495,0.945263064675,0.539757108783,0.944203424274,0.772876548126,0.938661971783,0.663196990087,0.595328151589,0.923484137329,0.922896990391,0.900144122287,0.552020153249,0.718469364122,0.981184838935,0.790052884075
0.58293300225,0.75881393518,0.879453050967,0.868837288787,0.698594719156,0.650361592178,0.864222234148,0.736656248072,0.989679682084,0.83410560613,0.832339769603,0.861291192918,0.66791916767,0.815364272578,0.955320283319,0.913604628701,0.647771076078,0.662279143385,0.75310438213,0.516265530238
0.983797153789,0.677159442018,0.544414477937,0.976848519868,0.543774376008,0.813010409232,0.511998900828,0.653350378191,0.676119594693,0.544741475768,0.550755426603,0.978627254221,0.912363790588,0.56248109258,0.596094953728,0.815250222074,0.928115050029,0.534959925895,0.802913948751,0.757635101097
0.70336049608,0.628295756083,0.687466386652,0.740593512693,0.635771132864,0.974933929854,0.596395980022,0.98692588194,0.572780575783,0.908166997178,0.716719264757,0.530872746601,0.982400871508,0.604164169758,0.755670001594,0.670948629321,0.95763934993,0.849089291653,0.779995037057,0.73565953428
0.809335991496,0.684576870657,0.843946788753,0.940707713676,0.823238112844,0.555894067462,0.66571885734,0.646010216102,0.881077542594,0.512383827179,0.838084665184,0.882425488734,0.567991899268,0.772314843971,0.84118724111,0.796941051576,0.93730069485,0.550256499253,0.55338452159,0.853712163788
0.57431022335,0.851027401553,0.815022752714,0.881870634142,0.653096942484,0.900104970371,0.873683071685,0.707816106883,0.59556958595,0.550727320929,0.571364929748,0.778542393742,0.999308779247,0.524462077824,0.568322213102,0.705115956486,0.671793983238,0.753505864583,0.841290066119,0.543202465891
0.635185743803,0.617134969645,0.595400208567,0.617658049503,0.827782945114,0.844775908543,0.940094286918,0.942793832003,0.549333796016,0.522499844773,0.967572092592,0.552117497008,0.501242720957,0.831236856745,0.502001071257,0.55785578505,0.840588269087,0.51197061827,0.837385227817,0.579420896878
0.770943744874,0.871729547518,0.645250400283,0.743395335162,0.921901984842,0.694352041971,0.868865478859,0.811255714945,0.984319525428,0.707573984251,0.795465473271,0.684595435758,0.890191963673,0.912680656542,0.714156361671,0.932359713523,0.716401695693,0.799157651616,0.961690932792,0.661226738093
0.530455490757,0.770672420932,0.897000145003,0.723459973334,0.503431450823,0.936168437982,0.74563687554,0.921065160914,0.99763663799,0.602176181351,0.797837009069,0.839257865151,0.788232697709,0.581541032495,0.827228382218,0.786463765248,0.841583150688,0.841384215401,0.716551506204,0.953907259484
0.873397951245,0.859630096266,0.50960343684,0.863026029971,0.875616942645,0.515011941588,0.991524544242,0.982465449766,0.970558263929,0.613978292746,0.638363872045,0.938465224783,0.511896185072,0.771056036097,0.53579970416,0.992081368711,0.940567297972,0.561929744343,0.640635723351,0.713615606277
0.936050294733,0.677655490798,0.790331063288,0.934220197475,0.74909423185,0.882297342029,0.867131940685,0.748593696633,0.911293562417,0.901686956078,0.535991618291,0.954265456577,0.508867875721,0.707148360093,0.76727468342,0.817477293194,0.891350688504,0.872255810158,0.678622956334,0.839255328381
0.967185293639,0.658130400066,0.806299251685,0.511186518795,0.806121047679,0.913726096343,0.969544743027,0.893122261005,0.818396504251,0.846356033665,0.56326061536,0.957744404036,0.647929908473,0.644978032341,0.711793874823,0.778310914508,0.728872778788,0.869773715325,0.856723789887,0.628482904206
0.878260285367,0.843644502193,0.649779717916,0.961077850557,0.65068194116,0.8426493626,0.717172606134,0.740534661035,0.570797371831,0.815299004621,0.529818732717,0.785775051004,0.656885929278,0.652159125831,0.66638875962,0.673594688315,0.607899401627,0.728095760145,0.534912721247,0.741784832461
0.697873260591,0.75602200984,0.885169523919,0.912026996241,0.836116644682,0.982679528572,0.546997482681,0.553740602951,0.990835793174,0.767185547927,0.950481719047,0.788084209031,0.766597059665,0.754216218217,0.920579255765,0.762084895158,0.541555572778,0.761600926523,0.897481618748,0.681467738332
0.951448631463,0.71155677894,0.902616109383,0.590028055636,0.942747869047,0.690758836728,0.855693783914,0.8484095247,0.883958666122,0.521852915628,0.706718031808,0.869662882832,0.512858558485,0.594981397534,0.505834361644,0.696145732568,0.643178302915,0.722851988676,0.984053640801,0.857963159557
0.613083810355,0.868973522141,0.669256354367,0.946108569381,0.539218481836,0.500723968798,0.910074482195,0.842522041767,0.86252859359,0.772350843125,0.918859136312,0.743649463753,0.696732943138,0.692287194662,0.817047674096,0.7195779878,0.67094371039,0.99241597548,0.753826767724,0.720268652893
0.588272539027,0.520861700763,0.683374493164,0.560628074015,0.657144439536,0.90620255547,0.521202186773,0.951684898218,0.701754820101,0.886018979507,0.943812295916,0.67251936262,0.819403815924,0.519127769399,0.580982398371,0.565531686635,0.564532833541,0.733290061721,0.871434382665,0.711846997225
0.707173091017,0.628084801322,0.527571817508,0.562540841269,0.657884434487,0.646440930215,0.620634908657,0.51698493139,0.586200236802,0.927062459959,0.789622795277,0.658434755197,0.676471861048,0.719631293613,0.813816267094,0.717290439335,0.620777321787,0.813009767708,0.678162271176,0.858301037387
0.776843858512,0.741677993917,0.646358195801,0.837073579399,0.803373581768,0.545413501997,0.757643805495,0.628472572585,0.632660616445,0.803018161185,0.650366817262,0.521644584027,0.887513565492,0.903356440863,0.622858501739,0.767653086166,0.54657315849,0.751601630961,0.990683766511,0.598678175175
0.764525005529,0.53970434898,0.593768411533,0.699117091079,0.977667564489,0.592199184059,0.527155522892,0.521109902623,0.755233007252,0.928911765986,0.975755311881,0.879405225041,0.511463279235,0.920531742167,0.915903049063,0.642969504436,0.570998484192,0.507645174923,0.526240370887,0.938246226994
0.713847683101,0.97265953771,0.91685759641,0.635590623708,0.627844437266,0.910107784281,0.716366330327,0.913611094864,0.837559695911,0.914282817071,0.755342983496,0.969280497615,0.578075825048,0.639859671633,0.680906537156,0.843680625857,0.841698607821,0.817818261371,0.779429179848,0.833069868011
0.547795394717,0.742208287503,0.614163579585,0.615850188039,0.908050806593,0.896518095977,0.529076092241,0.674218840182,0.727738999052,0.559123569947,0.707418949155,0.607250447069,0.982225768404,0.899247069035,0.825571998548,0.626511396114,0.770483718492,0.859541356381,0.541148709218,0.957626069865
0.99717129559,0.669791788609,0.757160631726,0.892580869243,0.907419723438,0.716556506612,0.910376940848,0.795148309636,0.551766175868,0.511808730649,0.951534253866,0.527630550766,0.538093126227,0.837908126541,0.828982763761,0.815061100826,0.669330118175,0.624475086493,0.566527009329,0.597294765409
0.802171795363,0.905563693212,0.923603500464,0.8481718467,0.663980578985,0.862894763234,0.526770060194,0.602237843796,0.617598799826,0.749920455635,0.522338871855,0.780456963455,0.502200277431,0.87018821257,0.506167320119,0.611370729405,0.676590867396,0.640326297413,0.580003028459,0.520559269755
0.781408921856,0.584661507454,0.557666504763,0.915187343326,0.863485003769,0.723183265684,0.821819420519,0.990297262367,0.578889070095,0.563286959027,0.767639758606,0.688722951631,0.994190558947,0.980709514633,0.757337149706,0.793725579924,0.51984350645,0.859722030407,0.680592174949,0.91836548512
0.795270882957,0.844322540169,0.840047993801,0.995320323433,0.917603099842,0.576037551407,0.838972057921,0.702015044,0.581255669595,0.951929146841,0.658112225163,0.890585300941,0.560610643138,0.847431668504,0.864166191954,0.635204374464,0.761084740699,0.85190711485,0.691329639457,0.96625222041
0.749872279253,0.902577006405,0.638374860978,0.530215213559,0.800441516743,0.758743793541,0.839671854235,0.566300219343,0.718291525472,0.753096290621,0.725510650209,0.553603690304,0.896194394505,0.652755071709,0.708095070128,0.879227397003,0.800230530842,0.563249004503,0.705560037581,0.547918783018
0.583719830354,0.918024538166,0.842494185763,0.825642003831,0.88226685875,0.858061937183,0.54111088956,0.660151658213,0.55211640553,0.817501145716,0.838926474064,0.823503344412,0.605254027699,0.504913541684,0.810740071362,0.547111175533,0.822776746548,0.858326405296,0.705235187363,0.83881179028
0.546032825871,0.702198811922,0.654546905464,0.582803229086,0.593439084855,0.699001067274,0.863253150782,0.536940859936,0.830733825419,0.856676514496,0.91892108665,0.822518066527,0.500525393777,0.974160919217,0.90955335787,0.607799127152,0.93998722276,0.608309785359,0.838459811593,0.593697098491
0.614586174504,0.979600593664,0.699921361579,0.55560611534,0.913374640075,0.936848681528,0.545021703022,0.535004355694,0.528304934974,0.608079904138,0.655539996577,0.830429122052,0.918109173666,0.594032082138,0.531756778044,0.561599043049,0.985005248616,0.616127566784,0.622244309991,0.863281583362
0.911499673326,0.834305468368,0.764086058994,0.718896688226,0.655528295769,0.910369112572,0.688833914112,0.894346791759,0.51643205233,0.731459789221,0.891861516675,0.780057754358,0.883474922978,0.822671754348,0.546558644143,0.789211020309,0.919331983672,0.687433591341,0.539708589213,0.575907777097
0.96402997479,0.874836672351,0.683162633928,0.897047403493,0.55568538005,0.954241241978,0.919657716358,0.794178458221,0.731695237644,0.502655650349,0.959953832694,0.539337000894,0.727503548208,0.841729689022,0.720518484184,0.6677233838,0.658643181881,0.897824414803,0.652761986998,0.841370639874
0.770943144356,0.746159636078,0.548986007437,0.749805417481,0.646775523857,0.831950830478,0.773847353973,0.661311746679,0.742717114444,0.537808935185,0.681460965024,0.648755391552,0.621762842958,0.54446279881,0.802082542852,0.684895312542,0.606719196465,0.644120892722,0.817730480605,0.999705906054
0.66134046842,0.932622287452,0.667512691879,0.914289629508,0.67861601563,0.607852127409,0.711901220589,0.823422213858,0.504767080269,0.709187289421,0.658869158434,0.679809262453,0.514308303503,0.620236614959,0.600173052174,0.646839795399,0.591004482967,0.770603160407,0.791529968713,0.604988848374
0.906103805429,0.886078814093,0.596005776893,0.817469691465,0.873265538284,0.871065272762,0.657541833614,0.603775349151,0.645672719141,0.645250490708,0.898039744701,0.582458547971,0.957035197824,0.984638252192,0.731395388632,0.899493095849,0.591120009938,0.619623257868,0.951959125152,0.910144780838
0.599455120681,0.952503671852,0.833634456255,0.675331271986,0.859087006927,0.806666912016,0.955242256177,0.650370699949,0.669699376065,0.994176973437,0.99929298409,0.522664212088,0.988404681688,0.770268191067,0.558691794777,0.879222054884,0.523098582384,0.766553887952,0.667987753724,0.933841457785
0.547410451919,0.918067304783,0.771051425544,0.814305951967,0.853777346646,0.840686877665,0.656935565378,0.713116931787,0.516994758396,0.511859136081,0.702522008134,0.665612591745,0.541357894426,0.724386057873,0.668220742457,0.811326446171,0.832928098023,0.616114574589,0.890495226726,0.722405410923
0.982046086719,0.594922281444,0.969724951341,0.70773712756,0.943559086386,0.659452344802,0.836753215256,0.925710255658,0.909569184929,0.536623154345,0.503565913867,0.978387029119,0.924160426057,0.958889756342,0.667668184135,0.51259451361,0.93738743516,0.573409403615,0.507890305064,0.860928181513
0.988247196457,0.896207789667,0.924861140681,0.594084771164,0.752596724887,0.667760410598,0.74894359825,0.63183738982,0.578618942169,0.881069569334,0.916964971969,0.874489395063,0.799703416393,0.802193033453,0.547444959564,0.725096493961,0.95577557675,0.893735562801,0.753247912145,0.848553932537
0.771920628515,0.743492490797,0.643943249697,0.832700933727,0.728449709086,0.593181059107,0.522302898125,0.739837325423,0.701531005297,0.820920937137,0.813853675532,0.888571047506,0.5975793669,0.767496432816,0.64241765427,0.836175011072,0.904277758078,0.705055184378,0.717969675121,0.919576849257
0.612327431383,0.533000040004,0.726839425979,0.98232121149,0.937499000674,0.855895256261,0.708285894027,0.874029346932,0.549010447973,0.526043161554,0.597806944752,0.734421885758,0.747719723692,0.936969883186,0.967779339154,0.732466908816,0.758977613756,0.511190146813,0.6631727657,0.732668289503
0.649623288061,0.679683502504,0.865371868636,0.537174541851,0.86689083073,0.629927240214,0.811131011716,0.601835020449,0.558605154729,0.92141062045,0.602093241296,0.701392672407,0.963982527603,0.679193748703,0.541823781631,0.759159006236,0.870888621445,0.591850108636,0.634878624679,0.944033575495
0.946830189909,0.939922133305,0.729302967148,0.788633930245,0.830943584118,0.73164347956,0.840356880675,0.689514356988,0.535316596226,0.735307268459,0.909103951093,0.654948633502,0.987182019127,0.755901379033,0.57059666111,0.938248912626,0.710045949218,0.747561605519,0.881392592651,0.955208197172
0.630782253138,0.99173192171,0.562886602037,0.746653827519,0.867852861037,0.887516806393,0.776296202354,0.562858114541,0.870263808761,0.516650350302,0.895666494723,0.632114556088,0.601548299157,0.601370547896,0.912542942931,0.818731686196,0.524287009137,0.840583163379,0.893125587338,0.725515678176
0.655305114783,0.967806199049,0.673013979951,0.853673137643,0.543668719222,0.506464858918,0.814506419349,0.759130478173,0.827429674773,0.581222447922,0.59471178548,0.666734195152,0.787496206115,0.711295338695,0.858098908607,0.51503841839,0.878008077573,0.964185324726,0.953919783469,0.898732351264
0.957285933123,0.978553310468,0.737139306994,0.903923944307,0.849372846607,0.818393837088,0.689589474279,0.905734720241,0.524005675924,0.65861084415,0.515017882777,0.55442492983,0.532087270443,0.675859431468,0.557900206563,0.808267134186,0.551792449953,0.823413396573,0.699848254161,0.830876394781
0.575300270348,0.718841582888,0.562208783755,0.545281094901,0.669607569225,0.889952234947,0.587340235372,0.862058137153,0.942394027798,0.823043006728,0.963046190906,0.804577540294,0.772238491157,0.809319681389,0.771570146328,0.643431576663,0.93741634531,0.620334228175,0.930524624573,0.950308508245
0.839822544526,0.822748911213,0.562979394426,0.747358792829,0.749163858013,0.678609843822,0.736663294968,0.800306622861,0.545737429343,0.535115757736,0.579204934178,0.681224224345,0.505012244043,0.69537433374,0.823817119126,0.845365906819,0.725524255031,0.546251592246,0.877593025804,0.917607632975
